26293 19518 24389 1022 22489 6327 30169 213 10734 18163 17368 7916 26148 16652 20448 11459 7469 30318 30271 19312 10420 16307 19301 9173 21068 30447 5500 15133 20440 9380 8063 23070 18078 17653 18983 7892 10327 215 14505 594 30808 12700 22872 13351 27719 25791 20211 7278 30439 3179 27656 22450 17011 23693 13373 11727 20960 31586 10442 31425 10090 28673 26678 31853 2446
19006 31396 26854 6411 13885 10586 28505 29151 23889 23610 24035 5446 3092 11385 8932 17534 18167 22120 7001 27565 22241 32200 8821 21855
25134 3884 30985 1681 9855 28742 29639 8041 14172 10385 21124 24159 1664 16384 23639 20107 12512 1711 20288 29665 20668 11849 9553 8747 3033 3069 3736 11409 6974 18341 27415 2673 20666 11880 23071 11371 23982 771 22568 21306 30188 27136 20311 32492 23391 7176 4075 386 28520 23927 20055 6560
21687 26551 15403 26366 19824 16317 15166 32560 5561 13429 23922 17689 5421 23875 23260 2474 10283 32330 18177 462 26834 17834 1458 13239 23425 15113 797 27233 16150 17799 32503 8800 21903 17175 8756 8020 15825 25576 2213 9604 2704 2988 7302 2881 7806 27298 15349 30696 28291 19559 19547 29451 11628 20331 29890 32516 22772 5490 21972 966 18408 15317
3760 20408 32326 1543 27416 4961 26678 24554 16086 32003 31918 23464 4824 4364 5032 18542
30887 7756 2112 2254 12113 26240 18782 27291 17414 20079 18787 28576 3009 13872 20839 1287 25572 1262 32306 3613 15899 11393 10685 17109 4007
21979 11801 15978 31373 22301 30300 14991 29939 24714 31840 17911 19829 5448 15420 10911 12189 11505 32567 27741 13346 11491 14418 23892 16744 28902 270 14277 31314 5869 8987 27888 18629 1175 31039 24768 22127 15561 25785 23957 2736 13325 3264 10267 9390 2725 27951 30861 13349 7104 13492 20063 19266 9371 3936 8477 31524 26937 28980 650 18518 23948 24199 14992 15389 29108 10862 30466 21464 4429 27673 2811 3015 7450 667 14745 27673 14938 12753
21633 9307 24398 27835 5490 1542 15000 9198 31110 5881 22730 5640 2633 18570 13589 25188 8525 989 2586 24486 4568 1315 27776 23790 13203 32397 27874 26554 12640 17640 14837 2696 18110 2626 32754 2738 27729 12753 6715 9812 11081 14583 28604 31467 19818 22992 15416 4761 31530 1392 21491 29139 31632 8363 11692
3623 7011 21968 21523 10901 15817 17634 29570 29498 25108 13934 17474 18698 11743 13585 30591 4701 12761 13554 21764 24945 16096 5042 1840 24813 9721 16460 21791 15943 20327 30994 16237 7785 30906 12400 3536 32107 334 1804 19065 24043 18499 30483 15651 24737 31170 32684 32394 13386 1888 20507 7124 19957 22510 31468 5868 14771 13849 30212 22461 7160 19899 6989 19741 10429 19050 16040 6544 29408 15608 25433 32491 17429 29241 18664 28210 15565 26044 13341 19004 20243 3128 3064 16810 21607 4485 1748 5809 19582 24051 9458 820 23140 14631 8738 26923 13838
12225 1975 22385 27229 23888 5276 11928 23052 19532 20846 4417 11323 31273 26444 4757 29765 10525 2357 15998 20632 14381 21353 25783 3607 2247 12181 3750 772 497 17709 17339 22651 14194 22852 18379 31868 30637 24759 14501 17574 18977 11368 3455 3539 8205 15661 7780 4980 18757 18840 14631 12588 12915 25198 19246 27380 5247 21808 1342 1474 15387 21056 17195 18947 23912 29477 10747 32672 21374 15739 19210 25202 2933 14651 27435 12224 10761
1077 1788 13073 24835 31739 22378 21291 2154 21401 29376 1605 23752 1703 31910 10356 16275 12027 15562 17741 24590 4895 27580 20407 29782 3051 19087 14763 12619
31965 19528 20693 3766 2363 11863 5570 32045 4932 27072 30396 16027 7660 9182 11849 14439 7686 28483 8039 28626 6639 12116 8394 22936 26950 26959 7830 17156 4214 1829 8894 24938 18730 5320 16640 3318 12278 14570 9685 29176 5772 20444 8035 12350 14852 24466 15865 23197 6148 29621 29332 28187 24851 28992 19221 5054 18580 7130 15488 29296 13354 24681 21996 28610 30654 9827 13772 25151 21806 21472 17671 23447 32148 8768 24410 31481 16173 9621 22580 8728 12239 28379 23188 23582 24169 30940
17159 27580 668 17153 25571 11493 26065 20314 3894 25421 9182 12107 6786 27241 10592 18817 24750 27213 23069 16263 32558 24579 4590 27549 28383 17245 31518 12803 9381 27454 24931 14061
25328 31272 24523 27245 20037 28079 25001 18506 18719 1352 15716 17192 30335 19173 18143 13123 29151 1774 3093 24366 5136 20192 4562 8014 28073 20542 19363 15895 30985 32581 29712 22858 31574 634 13314 6334 18425 20212 2626 31246 30352 17451 2583 18562 32233 18445 22467 17193 7371 26831 610 18358 23731 23513 5795 16281 3441 28611 6117 8740 9976 4599 9128 20134 112 8581 17751 11234 32749 13408 12231 4074 30989 6224 27205 6051 5519 24031 21998 31986 14723 11099 21856 3316 1170 31954 15813 21995 28270 512 28905 10715 8700 27670 4496 27588
1628 26037 27271 1786 14372 16144 29672 4241 1263 13555 17600 24590 32403 16597 21860 16779 253 18556 23555 6529 4674 1804 2796 21787 9089 19723 3665 3928 11913 1172 20306 24580 11453 20834 14524 26636 2064 26263 32147 9376 30314 8464 30229 13712 29149 4783 24934 4375 24270 8449 16629 24820 6523 12568 28375 11495 25357 6111 19902 16810 3332 17985 23691 22636 16693 17319 8239 4570 21048 12404 7487 31685 12427 27063 21315 13837 19893 28649
12576 6386 11771 16713 1771 5533 14993 6925 6393 12318 29113 13605 30844 2836 13756 20047 23956 1456 16882 3315 6920 14881 15049 986 30098 19766 30970 14642 1572 1953 15880 28543 29708 8039 9891 19186 18268 8444 8665 28704 10090 31186 5561 20076 27217 29095 26899 28192 28312 30357 23931 32444 8411 14960
1855 1817 2981 22819 29298 30300 24187 31388 17032 9413 7014 7998 14299 21029 26375 9024 12393 20164
9795 29445 22831 15644 7448 2014 13719 28774 11117 28328 99 14057 5640 777 14825 12323 11383 13341 21758 23743 5111 29283 2131 11577 21634 9695 10614 18099 13756 14102 8061 19280 8207 17162 29100 17340 13230 4598 10893 5581 13190 10614 10793 29547 11945 30174 28046 13378 27518 7988 10837 13137 497 20799 29184 2707 3456 25426 15035 23908 1564 3007 27701 28012 13225 16606 13441 21717 169 16918 26805 13883 5439 24139 20571 17099 23966 6987 7053 1942 15982
8068 11460 17959 26517 10737 15725 21506 12287 29199 14934 12476 4721 31092 21060 17782 20816 10892 4149 9493 20062 30311 29957 9073 8697 12157 6812 8120 16901 24030 8428 8503 14604 1670
18066 25493 26179 17242 17271 4778 2087 31362 31165 6213 9253 22879 21565 24638 9066 13885 14617 6924 16238 28918 13943 9909 12686 22362 22803 7881 30702 8196 17331 4302 17513 4685 5784 5403 5802 19811 11860 781 19133 3345 17337 31852 15379 5702 1574 27057 15993 12386 1091 5299 491 11372 29912 26721 11198 27919 25361 23459 8729 16332 4996 1600 31015
28323 13852 17033 24673 23032 10336 8062 24631 1269 13765 10410 17143 7234 10114 32365 4670 1119 30441 28079 30189 21096 3401 30355 8316 14539 9159 22436 22805 521 2085 21843 2092 4665 16284 14745 5588 4373 27731 375 13993 31512 29929 12332 25317 3217 9078 10071 21264 718 16250 13852 4424 1518 15204 8350 2241 519 27609 26435 13776 5380 22514 22249 9963 25737 2841 22266 15672 19600 8854 30866
23909 8897 8568 22125 647 28134 10037 32718 30807 3605 22139 24867 13640 8727 31647 6533 15530 14024 1550 29891 4697 10923 2167 2696 27531 128 5848 7657 13036 1235 3644 15004 19814 31631 8254 7887 1550 14557 18688 9640 32643 12416 18658 20768 25982
17469 30117 17589 5909 9468 15814 29274 20037 10590 22381 395 4254 16005 6513 11817 17201 13784 19358 30834
21443 4775 2317 6070 29237 13586 5483 6986 28551 16491 20688 12281 9254 19032 31408 11434 18668 1658 22665 5004 19004 22523 30018 15375 22295 28262 22573 26971 14507 27968 18930 10729 14360 17127 7024 9023 10983 7502 26894 3835 28838 11482 15491 7129 20166 29399 18599 24365 9494 10113 21208 15484 29242 3162 1675
14982 23492 32168 22521 5511 4933 3696 7023 20957 20562 1446 16988 12361 24693 31019 10690 17625 24196 30942 19636 30834 9355 17819 5323 14349 568 8054 12071 28377 21174 15589 14229 29509 25796 30584 4788 23981 22753 26482 28038 1145 29039 2476 22311 20922 24578 16528 9642 14326 21466 24806 24798 26642 25519 14199 9611 11068 30449 14607 11542 3644 26645 8226 17772 11877 30003 6800 8888 3000 26290
30923 19160 26888 2704 4241 22613 8662 12531 843 7277 11838 16403 2331 25425 130 13190 19235 13537 27564 27028 20264 1015 410 17767 20349 42 9809 32344 19893 21772 17126 29347 25118 4780 11552 23156 8318 14589 19907 15429 24823 28961 24351 31740 484 13640 23781 7530 19778 15501 9039 9086 1524 14428 15946 15948 17172 15153 25635 22939 24925 13763 26017 3696 32053 31266 32364 28442 5743 20711 9114 11400 15983 14797 21907 29812 16679 4010 14993 17547 10857 544 9563 24977 24233 16971 12638 25043 12318
13138 13796 21353 30487 20716 7399 19371 12331 12366 15583 7837 27821 10666 2595 27922 18904 27754 23096 6281 1655 20915 24595 32051 1859 30254 19751 19572 19321 17668 29180 14914 31557 22400 14692 30232 28757 27867 21652 22677 14123 24906 30789 26010 22997 21459 20663 27792 16825 22735 15370 3106 26144 28702 10592 24112 31592 24503 27376 13911 8002 6662
24195 28726 6691 18269 305 16964 19946 10980 12429 19008 25606 32252 24696 17121 25354 12919 29720 32464 22873 2656 7620 9278 24817 21751 558 27209 2733 3640 2453 9200 26068 7746 20481 24041 29148 14078 12159 19732 22755 29778 13898 12257
8544 14688 5597 15714 10745 26635 15812 26026 20864 19642 10934 23743 10747 21770 27872 10313 21165 4235 32402 19016 12958 10559 28883 19028 24785 12508 8395 3917 6330
28068 30512 8576 8379 13672 32405 6796 31787 12128 7814 27180 2570 15721 16953 30754 20746 7399 27778 23715 19987 8511 12018 13515 6636 8942 11408 17049 12456 10292 17486 17574 1863 487 2365 1192 17103 13382 274 16143 16978 16369 15979 24773 24880 14951 22359 11309 21157 2771 6343 8155 7532 5033
3334 980 5200 5153
12497 20041 31259 23748 20105 26141 31162
8678 23400 8059 10053 26010 20770 19116 21228 5481 29840 21251 17107 10453 30293 22319 27844 6749
25684 16522 25679 30285 23256 21535 31054 24098 10203 16479 27701 5903 15325 25578 5348 14975 28346 934 21013 9817 17671 942 29546 26829 28477 23109 8683 2388 9790 1093 14099 1149 17024 23719 18996 18710 32233 14238 23590 23905 10260 19954 2941 32288 16259 9059 10866 771 12419 32699 2298 17298 7618 26144 6059 3511 17353 8725 21728 21864 5395 29181 20380 446 12506 4180 6217 18340
8153 3567 8479 3985 25798 16274 18463 17745 20774 12444 28097 15967 27377 24921 32450 9793 24207 26909 32193 10582 27057 26404 21467 4138 27917 13736 6334 20512 13379 21553 32558 29343 29355 21193 19707
31406 24504 24178 16349 14309 8431 27374 11572 28648 30026 944 17439 31259 2165 15342 25892 3422 3825 10278 32398 32600 14843 558 30564 380 16870 6817 4962 27400 16362 28383 28636 12344 16338 17119 19736 30503 12576 23725 26959 6736 31646 2637 9418 23781 29670 21236 23862 414 4632 25834 28569 13134 25471 19941 25682 13931 2976 21468 6552 23136 20886 8126 31444 9054 1398 3525 17487 11347 18469 7199 2799 11469
32667 12695 9897 8040 3827 5360 15668 342 4976 6439 2090 28324 17714 17403 27257 13896 6402 25022 139 5541 9774 6837 16581 22908 20181 13468 557 6110 2285 9031 15338 23551 24837 1120 3565 16752 4504 12869 16786 28709 15782 26191 27833 4417 30624 21530 20514 8818 23866 1874 14885 10880 7679 26833 21352 13843 4184 5093 26335 6961 25436 16913 12086 18823 2618 7323 29090 5181 209 19299 461 26892 15003 22179 168 17137 12878 23781 9606 22975 6101 4647 17787 19987
21690 4822 4430 15588 24145 10369 14508 12499 29583 29009 31564 13710 5362 8521 19343 4088 15575 26643 24174 32124 28126 23609 18943 8622 17231 4991 26846 5601 17475 24043 23723 32527 22179 28637 9269 10141 26179 14361 18856 27369 30486 1572 20128 28370 6493 7064 32492 9086 18489 14759 22494 10004 29737 7830 19641 24033 29651 15162 1519 24139 18488 28109 8120 5056 15495
3674 30448 5333 21281 17895 14584 28187 26145 24520
23995 927 18531 20252 15187 6472 7152 6594 18124 654 10078 8571 26045 12872 17275 26752 32760 5844 19598 15627 29312 26128 5604 12755 23241 21392 21430 29730 17332 10653 13123 9391 21739 3181 22472 28285 24524 26674 5764 20477 31078 14812 18035 27343 30454 11570 4072 25985 14522
21255 28574 9420 7312 17447 12156 4623 26200 31890 13794 3243 671 17236 7474 26724 6966 14968 6253 29518 17807 15266 13647 1967 20207 17840 18373 24646 6292 16736 23431 25652 24521 7189 27341 7704 31291 7854 10661 4016 26740 20724
8190 17720 6748 8890 28753 24567 6043 11392 26677 27754 9921 16848 22438 19755 4950 3099 549 24747 28238 21532 30248 24187 22596 2944 32638 6229 15570 12614 9809 10851 28793 5532 10220 15960 20848 15118 11303 9373 8419 15178 11953 12329 13980 6182 19538 28590 22551 12860 18941 10095 21063 23739 2062 8738 12570
29617 13855 31174 17872 22825 23093 5889 15933 27519 6436 29184 21283 31675 4771 30669 2307 18032 22394 25990 26110 10487 5787 25462 9864 28665 10532 32634 6555
12971 14531 20468 31977 15125 814 20205 32633 21515 30798 26970 4246 4807 25981 21370 6374 12098 18277 27316 22734 8447
18190 1233 17108 23717 15648 19787 3956 7337 11486 787 6720 1464 24249 27467 30622 1063 14526 7732
8361 15344 5734 15562 4497 9980 4498 19980 21122 15853 7030 25433 19731 27277 3915 22603 30697 4665 2803 6433
11146 23984 19240 17306 10337 15316 25668 11488 29328 4110 11596 14794 20251 18573 3564 24779 29781 16984 14874 13964 15079 15247 29541 28184 15157 25785 26302 28793 5346 26892 19312 29664 27468 8298 23601 28681 30997 8127 8038 22186 4135 13129 6918 16129 2097 27286 367 30677 18904 4508 21926 8888 24887 4450 2412 22291 18876 13204 14595 1763 31828 24212 3610 16041 24063 11863 23441 21955 30881 27758 26989 1158 19820 5726 24047 21966 31555 23555 1267 22306 31697 11038 28731 17358 16122 23688 27769 32377 14801 28560
17380 26562 20914 15106 28235 16797 12780 30798 27305 5856 13274 24453 53 13492 10839 29650 2826 6198 29908 29899 10527 30061 31773 4950 9319 21122 18574 14629 32447 29085 25831 17618 16340 26783 10371 6268 26348 25177 20821 16930 16956 12964 17775 13518 21454 10106 17316 21550 13441 25154 23189 26321 31973 15377 12265 1412 16815 18050 31265 20997 5666 19389 13561 8152 11905 14195 29281 23867 7014 12097 844 16349 21665 15148 22404 10771 24526 2459 20748 3637 14106 29197 3552 952 11625 25911 27899 17427 5285 27333
11942 25341 3006 22428 3503 28560 21280 27052 2282 8885 24916 17522 7249 23074 3084 6455 1021 19874 20243 808 19796 29041 560 28779 12005 13615 16076 4758 13103 20443 15154 10417 18684 7323 21787 1480 2332 25440 19126 3603 11069 23022 29990 27949 10670 31535 17301 27870 16330 7875 11327 9308 1082 2816 17984 914 25782
27151 14038 17547 4543 32709 14867 26971 2177 25788 1133 27670 17512 29115 5981 22922 21164 14070 26620 31599 5340 21455 2798 18050 6204 10385 24917 32344 26549 19561 8027 30615 16371 10476 9554 21633 19278 7798 3999 4334 27720 19699 32045 27790 17693 16126 180 4828 11895
2128 22205 20964 3546 19808 24235 19141 21461 16889 6126 33 10606 25091 13015 13813 7638 7726 32189 7009 1539 6786 17058 15338 29683 10133 24496 12876 5596 27754 21126 1009 20014 16871 14670 22573 26589 25506 7296 30539 24042 4839 23685 24074 12089 6150 11515 2081 15914 5561 9055 24169 10011 18048 27304 17551 5334 722 936 23043 14864 8530
30536 14982 166 14034 19140 15739 12025 4256 4108 20735 32619 19455 32152 28142 23718 32726 2970 14090 13440 29086 12976 10762 17052 9315 5094 4413
4073 30443 24560
29863 5678 7287 24813 27860 24672 19126 1902 30026 5656 11859 7167 1555 21235 16240 13049 24426 4541 1207 22513 5364 12572 32485 21054 7899 23534 28791 31888 19442 24621 15263 15870 28022 26366 3039 23114
20069 8547 10546 6674 4979 11629 19745
13405 7540 22379 26428 13125 31857 21352 26550 6766 2108 26334 24501 4943 30136 28193 27796 15828 26500 6713 1018 451 15734 24495 32424 18530 7256
19982 29082 24031 5964 19143 26843 521 2510 13867 2055 2260 12755 22090 14595 8253 16943 9388 4643 7511 7575 30644 423 3825 18279 4915 5670 4210 27526 5352 21522 14715 23115 2197 27804 27519 12799 22212 6999 4776 4062 6337 2846 22705 14273 14783 14101 14440 24771 9085 27468 12585 5032 28306 25747 28671 24150 12907 15839 11932 2004 24011 12769 8053 26257 4204 25251 17699 7461 21660 2704
12363 524 27545 16498 26115 26869 10625 21439 27962 26723 16967 2646 21891 32395 10375 23673 1917 3403 23462 32498 16935 1555 6633 23637 11357 24959 16398 26082 31126 5009 2952 13005 26180 4850 2485 3571 15554 16455 3838 7018 31718 4876 23924 9171 4617 30820 24278 22305 8901 27243 18083 10947 5414 21561 3442 20452 20322 4377 18425 207 19115 28760 7580 31947 3457 28677 24708 3803 32533 24488 1000 19946 20215 12808 13554 12126 24454 19978 29463 23424 2002 8300 610 30026 17508 14807 31991 31943 14968 21955
20275 5170 20007 31785 18271 18116 9690 7207 2433 14113 24400 27257 18631 25378 31939 15848 27903 18923 22231 14984 4148 7886 14729 17217 9680 6330 31626 681 22385 10365 11907 20595 16722 26858 30258 16878 18005 21741 23514 7285 26692 15018 15068 18323 27832 1230 11259 12889 1282 29059 6748 18414 9147 4525 1458 32609 17474 15648 12119 29027 3980 21956 13962 9503 20894 10622 7604 24269 30641 12925 5532 9270 22379 28722 13043 5110 7254 11701 12463 5494 9328 31285 24991 17397 5059 22012 23321 31060
31751 20882 30782 5094 6656 3948 25891 14971 13305 21105 19059 22589 8092 17077 29901 5501 5264 25964 16905 5441 27413 2461 13420 7190 2866 20197 2578 7922 20263 17741 18411 23322 7475 12353 6787 4320 10916 30676 27492 20091 17346 3520 7032 25233 26793 23827 5743 13858 16648 23541 14362 25557 3161 30507 25530 16889 7987 15351 18917 26707
25294 20709 19240 9231 27904 15409 10589 17877 394 13165 13080 16918 11786 17147 6312 9538 21965 3276 6017 29158 20791 32540 12629 23095 19947 18752
25910 7906 27929 6813 3151 12575 18343 21293 11915 21869 768 10792 1487 27422 10624 15860 18175 5845 11466 22499 12228 4216 14408 18968 19860 27767 26091 11413 5738 10113 319 9513 29104 13633 452 8324 18447 1886 7878 4883 13428 20993 19422 30697 21849
22313 13460 2765 14147 1020 14241 5473 11520 9127 11041 27703 13249 22794 19750 971 12834 13267 14608 76 13826 26951 31107 30762
30400 7060 26443 11136 29941 30603 14710 2045 11345 11935 2064 14109 23575 12869 16032 24569 32319 29028 32599
12007 12556 14084 24197 8602 15587 1565 18857 3000 9135 24960 3359 1650 27746 29346 26329 15400 12593 21441 10961 9416 23193 3601 2642 32432 22721 4201 6519 686 27809 15517 25295 10394 21728 28598 11354 8410 28324 21597 2323 20402 1377 18019 1310 4097 17597 23791 30603 29205 28055 8804 30087 2653 25889 970 11009 7565 20652 17805 14944 2560 14176 25253 11980 26407 26244 14884 21820 30094 20225 2984 17087 5832 2185 29831
8785 1682 18667 2189 16790 3599 30899 21461 4972 17072 7008 14844 10560 23750 16594 6212 2921 7000 18143 20748 5439 29260 6485 5674 13880 21578 8106 18068 32346 24700 3923 4389 26356 27670 22375 7083 19394 24284 19736 6399 7662 7121 13851 17867 3151 12297 6009 4015 18551 26693 32130 19740 1409 10927 31173 22392 27949 24565 11109 30750 9468 14911 26017 29053 15516 20455 27046 16247 22639 9266 10221 3846 18190 7138 14562 30772 2772 19255 5190 25858 26042 32076 17557 10919 1337 2672 11406 29510 13935 13976 21985 20651
5970 21040 26198 24072 18340 1081 7078 23346 8593 15085 17510 7989 25167 4400 27202 1689 9443 29451 13252 12289 17618 20228 25890 9124 4429 11015 23159 6645 14950 1898 12297 28537 4865 26325 7313 21884 20752 4689 5109 3296 23486 24862 22597 15005 22099 10892 24257 26558 23555 5301 11385 19966 25307 4161 4592 11696 23340 25337 22561 25216 10284 12101 24391 1502 21037 13745 22121 31915 20905 18849 16784 22926 21806 18229 1322 24164 7470 5258 9039 27098 13395
24821 7809 21992 18514 32000 7739 20937 19266 13191 12527 5842 23021 8198 27301 23965 29175 30467 18733 10441 28335 761 25366 1263 31873 10798 2587 29417 6457 22485 3482 8485 24959 24374 807 19026 4214 31740 17113 14562 256 28810 27594
22473 28083 28810 9929 10555 31880 9581 5185 14771 31053
18452 11352 4792 7639 9614 1063 23704 28383 4327 29494 23218 22404 24618 10290 14311 21773 21727 11574 28322 11477 25389 13416 3463 27202 30500 21811 10422 5659 10101 7147 4789 24422 3502 16377 15533 23745 29415 22992 9908 16231 20539 18575 9267 21729 9106 17139 11589 18452 27659 29435 9807 18276 20360 15925 3653 3929 2546 1546 6130 27676 5376 9591 17081 22578 32038 10490 23847 3116 2238 16288 15142 9702 11708 493 12325 8800 22548
8894 2844 25140 9759 17680 4139 10884 24246 3716 26004 4232 25883 1767 17152 2757 19378 1846 11875 22334 5166 25512 28444 26512 21602 4177 16813 11313 32636 27505 20916 13229 26569 22085 13 12001 2644 26585 15817 23885 833 2419 28374 24868 20555 1682 3052 24727 20492 6969 939 20846 17682 15315 24165 26585 14662 5632 4807 32417 24773 7889 2131 13131 23952 8383 26307 28154 23256 13319 18275 7320 22068 27164 23421 4151 19907 24282 25869 22865 1886 14083 27909 11224 22963 3483 15664 8645 2891 9199 1691 3802 31914 8350 5670
19572 20511 31959 19192 23202 3795 8045 14744 2230 9518 323 13358 6212 24487 32142 13940 6281
1205 16822 14101 15356 2576 30575 3398 3788 26895 20092 4599 5426 12965 222 18640 30743 4571 1680 11522 13129 11005 13698 27875 6457 22174 5061 998 24692 17921 24129 4873 32703 4297 21573 24097 25137 19603 420 16975 9152 31271 4751 28775 32174 13757 27775 14077 31028 20503 22241 14032 15721
22407 8339 30076 12969 32462 31594 11877 11607 21595 15190 22584 32281 20529 26891 3944 8022 7960 14533 19056 26661 14726 23091 21854 26824 6211 7269 32392 31188 25121 18454 3017 8614 1363 2181 26407 4472 4485 22016 10459 10828 17634 28853 23243 28619 19846 28988 244 5778 26155 17853 3462 28206 23508 24080 32129 21340 2554 28958 12749 23319 5067 20023 21414 5364 7683 23589 19742 7429 8787 17803 19596 20827 25101 18646 23710 9043 2582 7609 6917 17197 13728
18866 22375 18164 27078 14248 11894 3916 12808 26120 12256 3144 20117 20036 25174 6061 445 12863 14986 6696 7539 27925 14127 21582 876 4578 26864 7791 6670 24540 4687 15575 20880 17202 9878 759 21804 28289 17704 28439 29534 30899 16111 27424 27071 28932
8022 31534 20009 23651 30524 12774 23825 24465 31974 29953 577 28850 11583 13750 9602 18798 29209 6783 25047 28498
9659 3383 466 3404 13270 10591 26885 13223 10010 27110 22133 31599 9008 19582 22642 14948 4005 17581 30941 19210 21082 5050 11259 19784 27655 18939 8850
6283 21383 1385 7595 19087 9535 26566 16712 12339 10199 27809 3111 18692 16032 1574 28886 31489 6828 765 32473 19533 26299 9201 25468 7237 27662 890 28106 5272 9721 28404 18575 24584 21829 5232 30309 4343 8879 14727 7863 30564 6345 7752 6033 27012 25322 7159 27213 18600 31787 19983 31883 12064 5197 2203 23206 27639 26787 8628 30064 31781 32278 3446 31946 27482 25268 22264 26799 4473 20246 2930 28909 32542 20713 12612
8046 6863 15477 8830 17828 9548 11612 13547 29258 3777 30352 16702 24549 27877 4607 23485 9735 12934 13253 11414 27119 3104 13796 25677 21851 25293 750 10438 30956 1686 19656 5539 27664 10552 10108 4209 7727 7283 32413 2614 23729 6240 21211 17244 26907 18222 29701 31994 30217 27978 2924 22051 32695 13052 15871 4457 29876 25806 546 31998 10194 14847 14840 22392 12631 30060 10661
238 8678 13944 324 29752 29547 4555 6682 14618 27692 969 26785 743 3819 21798 16241 13599 27884 18205 8094 27880 6409 35 32020 30304 5065 21984 22377 28796 3843 1651 29720 32559 24075 4570 28118 2188 4022 32102 4016 4138 18627 13854 27212 20767 6569 11387 263 22404 19788 16318 8071 28602 15671 19877 22179 3407 22157
2113 4394 20562 2162 31020 32166 5680 3034 18788 22120 9910 2139 22034 11318 27254 10676 3362 13938 23345 26566 13106 2616 21806 23851 9929 27349 21553 1583 3392 10899 7354 32580 8187 28966 24429 16695 32060 30107 10192 22557 29797 870 1566 28017 28687 6184 15944 11407 22977 9658 5336 21711 32200 18412 18918 28700 32416 2001 16327 28101 25813 30975 13888 20045 10998 31870 19861 28509 6155 18091 2647 8631 8736 12862 18669 23419 27881 7101 9763 5648 3762 9053 25158 4567 19035 5304 12809 7638 7412 25787 26896 31522 16007 10326 17842 7257
3629 5418 23856 7467 22785 5991 20101 12024 28568 16136 28102 13942 3043 9404 14748
8755 7861 17192 22782 8326 14584 15818 10199 17702 14148 20067 10244 1507 32041 8785 26767 22849 13864 7297 23035 20490 22942 1814 8505 14162 17230 12554 12731 15245 24571 5309 25895 2289 2206 25902 30588 6678 14560 7100 17312 31658 4940
23917 21911 10131 8276 861 6797 12565 32500 5671 3508 8667 17160 5223 21060 16425 29917 21560
14812 20591 16398 8207 25586 31484 6939 29296 11074 24157 27505 19447 17495 21913 32173 11169 17618 15239 417 21195 8315 2774 5788 17953 8962 6635 20229 19600 8873 10660 16027 9207 16342 17234 16478 10291 23248 22889 7379 20708 16374 21106 5191 1364 16571 13299 12633 1669 7275 23119 7867 18758 12506 11366 25356 25576 21568 6304 17129 17514 31764 2818 10933 14181 12481 18193 16386 22809 23735 20119 22543 30584 23218 23154 23169 5550 28729 4571 1031 27058 1698 32224 19448 5895 14110 25520 3565 31940 22997 19727
20826 4608 22217 60 1253 22838 18743 11734 2302 15421 26122 27627 22509 14094 17063 31224 21792 25242 10303 12337 14504 11298 6526 15680 31350 9619 11989 16109 5846 13395 11108 25017 17425 7392 20590 15573 25540 1661 29871 8088 15493 19266 2360 24300 6449 29446 14799 20610 18941 24391 2070 7570 4734 31779 7739 20546 13199 8028 28898 16376 32342 30308 25400 7828 32421 29988 20729 24965 30963 20455 12230 14342
13737 15511 25921 19800 16392 11837 11009 9558 409 2194 20992 28170 6417 31548 3619 10366 27238 5406 19632 27605 16661 21675 8879 9572 28356 9073 21709 2900 30399 11947 11600 25614 23174 14643 2433 6169 31341 20349 7413 14343 9133 8656 5322 13942 31655 21114 1961 4815 32735 11996 25708 15087 18065 30054 19570 26648 9052 28116 5953 30873 7332 23151 2943 3989 25564 8891 30688 1476 26504 29808 8835 8251 22462 24357
10324 3236 8706 19431 29976 31528 21963 24245 29059 4977 3883 25572 9171 27322 26246 2732 2719 4212 19592 12131 10521 23756 6676 11258 21177 23076 9713 19717 28536 12282 15176 24502 12094 29919 8627 14704 6433 10062 32457 577 22388 24182 13493 1145 7475 16892 5696 2988 27968 29103 7891 32133 21872 1610 27751 16640 25449 32142 3570 14873 2347 5329 28559 16155 1003 25595 5507 27132 22151 27387 4404 24177 24283 7898 15129 29013 4912 24861 26238 7627 1206 27231 20495 14685 22991 10834 7865 9348 11462 1817 1172
31145 27085 20887 919 19143 3459 21567 30875 5415
30900 10066 7363 10503 30630 5165 27236 16141 15485 27169 25705 16250 31974 12475 1844 11683 5619 27560 19774 3613 10508 25463 1475 16620 9204 13770 29456 7309 17101 25182 25767 31470 29595 21521 4703 4585 586 26237 12499 17481 24729 20591 9811 30662 11625 8637 3656 8172 7032 2793 5690 19077 15541 23223 12994 23660 20686 6267 5742 24041 1001 16776 7382 5442 23972 16386 1735 6315 15466 1383 14899 27625 29264 19128 25292 22849 21230
31698 2694 32310 12367 17936 31185 26047 523 1786 16168 15376 11636 6408 24767 7274 9015 17946 20639 14164 3607 12590 22271 23631 12278 5303 4925 10408 25446 2291 32003 13123 6043 7581 15780 4154 52 12926 10905 13326 23961 17104 2919 536 27875 18977 19891 19458 14227 2751 23720 10685 3805 29597 30691 15614 28655 5720 14298 7970 32223 22390 14762 2638 4721 4058 23568 16565 29816 9126 11920 12771 25753 21059 28724 25319 28466 17713 13454 23167 7292 15709 19673 18139 26875 26157 13542 12956 11550 17051 25655 28460 12714 13819 6966
22589 13075 25945 4766 7754 8068 29454 4735 477 14068 25909 6615 18791 21371 4192 6539 692 6919 6657 18015 17457 29369 23019 9040 27423 18655 2749 22038 4846
26473 17995 20717 19086 32394 12211 2649 26084 22 17734 24288 10927 29947 25029 23550 3625 16936 23276 28047 22000 565 32510 14031 16674 3952 9379 29106 23331 3932 10107 27646 18901 12744 2174 1222 823 14689 22550 1941 23781 24017 11613 14679 14966 21979 26057 21580 229 16885 6987 19743 10393 1862 23624 13751 13310 11089 23902 8065 7502 16288 19511 23846 1603 31197 1419 7119 8971 6656 28249 4209 11751 8355 15822 823 6665 4417 24161 8277 3309 18063 8556 13023 12659 19383 4341 18136 13781 18450 27634 10096 27895 31051 12011
14098 22835 8937 6085 8446 6950 24590 5784 21257 23453 29842
28652 31109 6949 5422 19636 9115 20982 24805 22288 3632 17845 13868 5854 25246 4436 30827 16822 16228 28300 11402 32333 15793 17792 2176 25957 28897 10970 28976 21795 14742 23447 31788 23032 11842 14584 2007 14325 7740 30644 29576 29893 885 1158 3381 15153 3400
4021 26083 32204 19864 23198 10632 12673 11306 31460 29410 18887 15875 11671 31294 31901 6813 18421 27225 28457 17592 6297 18511 30781 16463 26005 4056 20182 8318 3318 22914 20722 12717 30124 18405 15194 6210 3145 11954 31096 7859 25166 14282 20134 30855 666 9356 9230 23831 24668
32086 2674 28900 24156 23840
12019 21798 22830 23074 27255 2657 29069 7183 9505 9207 31332 18244 30215 2421 18937 12637 15487 18443 8380 937 9782 8672 30987 18672 15952 17994 19239 20748 13229 10058 301 15166 15833 8013 17998 55 3519 26596 4772 12628 7454 18038 2021 26817 13561 14603 21079 23773 12300 16285 5739 18941 17879 11179 16778 31544 2314 30787 14990 17023 24644 17142 572 31007 2676 17750 18676 19724 4940 32242 16188 16312 23860 9895 30972 30386 8955 7834 24255 10978 25927 3429 30318 19206 24852 22384 22994 25551 11671
10728 16513 26555 27269 6843 23034 1304 29146 5447 16467 20503 19183 8163 22465 3148 6654 5913 14809 32072 31754 20634 14094 22961 26269 29073 2874 18152 14276 29831 1406 20940 11099 3923 26042 13501 22394 5727 30390 7916 17076 12739 13679 6162 4345 25336
2543 24554 31356 31021 7571 21346 11635 17533 28130 8899 6881 24729 30066 28095 16683 23191 219 15212 25215 29554 26090 11089 30943 1573 11542 28957 26290 30275 1818 14241 32086 13599 10772 17952 4958 13781 1443 26265 1114 10181 28153 16381 7779 23489 7221 27384 14627 7712 27681 2754 5385 27589 31417 6041 22180
26217 16993 3108 2695 3202 18750
23264 23408 9567 24945 13199 32114 6139 27085 17781 21641 20484 30281 3446 207 9219 21311 14696 727 24470 22857 6227 13008 1675 983 11241 15251 257 30300 917 30980 15913 3259 13925 30785 30393 6667 3494 973 27382 18970 25879 2053 3469 24235 26812 1593 29537 23995 5680 7186 18507 30638 15725 24549 1060 27168 23092 18886 15966 16591 1211 20297 32492 23639 22872 412 16740 31910 6242 20841 25979 21061 6323 21164 23086 18356 355 5766 27903 16072 5449 8022 3446 29325 14799 27159 10174 21692 2590 10220 7394 14224 18448 5853 6409 32135 22905 1332 25807
20218 11911 4565 12140 30922 21753 25807 1630 26393 12060 25136 23436 27061 30625 23655 14457 21191 18128 15913 25380 14801 20043 25257 8011 24511 5642
3866 13814 28082 9279 12748 3588 23310 24829 25773 29922 12942 14477 932 23805 20339 22049 26030 6218 4342 27190 9498 27885 8733 29764 21044 8807 22715 5292 7094 29660 13327 7221 23946 338 32121 17532 14966 23139 18730 11647 30603 30842 14752 29730 10805 11693 2645 8917 20307 23503 8300 20292 4220 29009 31372 16919 3022 7978 25420 23141 29834 15541 16172 30121 25163 4035 13303 13623 18449 29889 27238 7876 13011 9364 17639 27094 21166 23511 31121 3742 9641 11681 30393 23373 11497 7980 28558 22119 10917
16759 27132 30964 31135 24078 17458 18823 27156 23920 19584 7485 31092 20300 11510 16383 23986 6152 26588 28237 28494 21576 4629 4587 13011 7494 8682 29502 2579 591 17112 688 2124 20424 15601 16781 9293 25877 20595 15976 17672 3406 17340 21191 19705 22911 1365 22302 28250 30340 26951 12323 7832 26521 3734 16610 19917 32173 32669 23998 1188 2320 10365 31919 22134 8209 19776 4302 8346 21492 25915 15835 15669 17129 4333 29116 5344 16476 3857 17721 32276 13604 28523 29899 5373 12780 18770
5231 21467 22365 12646 14269 5390 9462 6002 31331 16398 6927 4611 10466 14897 26304 12246 5997 30938 6268 15362 32059 10258 20640 2358 7405 1511 17352 10403 5403 24739 24116 26255 27312 10888 18583 5574 9766 2773 16392 15402 29848 28911
14020 14027 7712 31320 1820 17816 24260 30593 25445 2714 2885 30107 18234 9077 15980 25204 27769 14329 28769 4364 1885 454 8786 7615 15185 23752 11556 6583 5998 25044 29527 11262 29415 10397 9824 32432 10113 28697 32161 9870 28470 14442 14115 13592 21144 10051 22756 19716 14536 2195 12227 31951 23448 31673 17221 13141 20534 3933 23108 6364 26208 4552 31966 14371 5878 25357 17881 5255 21171 17327 15059
4185 9208 6667 22650 3628 13554
1525 16230 15341 25755 8500 13869 29587 6377 5998 950 24985 15341 23105 14931 4704 2410 6817 2340 12180 10809 30692 23420 17363 3112 23690 9179 983 9375 8919 25410 30905 29255 29842 19391 17829 21423 26629 17204 10745 22732 8638 22512 7402 10649 8250 29416 28542 22021 12493 7360 5946 11501 27093 28539
26164 11781 9227 11218 32108 22726 3843 23097 22452 29027 24967 2309 27384 28445 15611 5708 21397 17441 581 4764 32104 698 11969 26432 28728 29335 18479 31211 1703 27297 18340 5919 20 5551 18441 23907 18176 10430 1612 22832 1904 15121 23021 26254 20059 17119 1929 7243 28811 21413 6685 27276 7038 8176 29336 21184 13877 29628 31068 8775 1360 1157 20113 18255 20861 30902 4576 9375 14470 13293 12321 23909 16347 5071 24987
1768 18736 29345 9782 29607 2576 22089 7779 27608 3425 18159 847 29060 11620 18608 5619 1166 26347 20027 8802 16844 11004 2842 423 18664 30610 13960 29993 13809 18246 10123 15679 5272 7408 25164 25454 19996 32746 6352 24888 1716 18811 3117 21566 19504 20561 19075 25192 26811 26130
20138 13776 32085 28623 7832 11371 22229 11764 22876 12218 22781 19570 29358 8839 4998
27540 14696 24331 2375 13263 21345 28086 17734 12572 24696 24455 16152 9800 23655 21419 30860 5631 2072 9305 2120 7641
1314 21286 1515 22836 6976 9030 23932 7606 22902 1381 1582 23774 3483 32164 25917 22954 24870 6371 20596 8949 21367 24841 5933 4178 21187 1390 22426 11200 14246 28929 11736 9162 4347 8085 9938 5057 28300 12868 16724 28226 24353 28124 22207 15798 4513 29082 16422 1450 19352 18689 25364 26445 1443 4679 17398 15845 28107 22409 32376 14782 2479 4433 23251 16499 25798
6557 22 26997 25829 18178 4902 13944 25478 11638 14745 27915 19556 9316 7720 2347 24861 30664 16222 9420 10114 21410 11322 10222 3916 15422 10417 6144 112 121 32398 26510 7016 17259 675 10515 7829 4485 24690 16598 4868 15428 19372 12858 13598 19770 11643 24164 23250 21408 29930 29080 4651 150 30605 26455 1133 18577 28456 21515 6420 31099 26834 29776
31595 647 2533 19425 12192 8212 29672 6359 28799 23584 4355 13724 1035 7394 11471 30979 32428 24004 958 10462 4211 23363 17393 187 25859 20600 1135 31621 5303 32123 2201 31675 18914 8952 2368 12854 10729 21763 18596 30568 12554 23099 7230 27583 32643 16993 26643 6525 17731 24524
20062 2154 15966 9885 16728 25962 5119 32447 15922 8855 28015 11555 7581 15270 14127 3894 15883 27995 24844 6851 29579 16616 24812 1999 2377 12110 8482 2954 15646 28093 20379 25769 14090 24071 17026 30953 32394 31942 26362 31186 3265 3856 11730 24086 17261 2597 12508 24826 3999 21099 19722 14520 6019 1645 9679 7981 25131 13381 22441
1657 25275 10542 31639 3277 25734 5484 9550 14837 3747 10444 14468 30123 18445 7206 370 11423 22495 18697 31701 1575 144 20573
7303 30419 29376 13421 18795 17697 23652 25629 28409 4580 30997 11774 12692 13987 17651 10211 4965 17651 25037 19712 9808 12387 29930 16668 8835 16752 9105 6274 2443 28251 20078 761 31433 26211 27113 18375 31845 16299 10028 24538 29327 16163 8096 32197 24650 23785 21890 28571 25619 10873 9369 13456 21893 24380 23735 31284 22315 779 11524 5916 21137 15883 9708 16535 24572 32014 21577 10149 23729 9839 27129 16316 29129 3185 28350 5465 27716 28807 23319 20478 24682 2468 6617 3040 7347 27663 15321 19700 6864 29305 25645
29083 13970 25477 24614 19541 3991 15047 18726 14444 19178 13974 6942 2689 30221 30637 18516 24380 31391 21697 17244 76 20461 30353 7109 32612 1806 11377 3326 10167 3490 14245 25192 21465 6451 18020 32475 5650 7467 2490 6444 24850 25662 29344 23845 9984 837 13091 7337 13763 20501 2714 15756 28115 13762 7411 32396 24924 7702 15118 21054 17555 23941 32233 13928 1786 5001 15026 1790 4990 12683 32506 1504 20693 21088 31072 15835 928 27563 17403 7240 31285 10723 11843 20260 15007 27355 10145 7619 11055 5003
27202 32113 28096 21156 11842 31589 3617 4940 4959 11128 27556 8815 193 7790 19917 28718 15302 27381 28903 5225 12108 32307 14824 32231 22833 7057 1831 8068 18553 23888 24888 26098 27153 13079 6285 3687 2846 1266 6017 26118 852 3192 26809 2324 14631 32627 17334 3398 22019 26737 11496 3483 16033 29331 31801 10677 4463 27412 33 7187 8722 14796
8204 8323 16616 26436 21134 20344 23059 11203 19048 32558 18962 21499 8846 20306 6447 7860 4394 18140 12679 5294 10739 24367 7641 1272 15321 5891 12776 25274 3620 10632 27587 1307 30346 10522 31055 18269 169 1678 20887 6303 15077 11575 8444 23218 20790 16363 24560 15354 12928 32484 1361 28551 8619 17795 28965 2712 17150 22454 30299 4537 30005 6460 30508 6372
24415 14497 21488 27751 29762 7892 15870 22685 22307 8595 17624 3237 18455 17639 19715 15468 8336 17076 727 29187 16883 15283 27835 32585 1451 4634 18580 16189 24372 29885 9312 17118
20095 29621 2056 28045 19553 27405 20892 16402 223 29246 20160 503 29297 26054 8046 15436 29960 12877 32500 29370
30590 20953 23959 20075 15557
28143 5654 15624 18938 23236 32192 2953 19268 6496 13645 6092 10639 27393 20507 31786 2890 31157 22261 30565 13505 3355 5950 21678 3926 28166 21535 9031 4853
